ID,animalID,groupP1,groupP2,ordRankP1,ordRankP2,totObs,p1Obs,p2Obs,totAggRec,totGroomMin,totGroomMinGive,totGroomMinReceive,rawAgRecP1,rawAgRecP2,rawEloP1,rawEloP2,rawGroomP1,rawGroomP2,gcAgRecP1,gcAgRecP2,gcEloP1,gcEloP2,gcGroomP1,gcGroomP2,rawCombinedGroomRate,rawCombinedAggRecRate,percentP1Obs,gcCombinedAggRecRate,gcCombinedGroomRate,gcCombinedElo
1,AZ,RAz15,SPF5_1,SPF1,5,3,55,36,19,98,80.262,68.177,12.085,3.11111111111111,4.42105263157895,40,359,2.78983333333333,3.16263157894737,1.99722313406524,2.47755417956656,-960,-681,-0.569125134040924,-5.27172426163448,2.91861818181818,3.56363636363636,0.654545454545455,2.16315567705661,-2.1936593781187,-863.618181818182
2,BI,RBi10,NSPF1_1,NSPF3,5,2,51,31,20,95,326.582,136.652,189.93,6.12903225806452,0,493,1440,10.3484516129032,16.6181,4.440489432703,-2.04588235294118,-507,440,-1.69784566555432,3.00127764705882,12.807137254902,3.72549019607843,0.607843137254902,1.89681422264646,0.144947790372403,-135.627450980392
3,BM,RBm7,NSPF2_1,NSPF4,5,1,64,45,19,170,508.373,246.818,261.555,7.55555555555556,0,147,1499,10.1668444444444,29.4335789473684,5.82275304061018,-1.01286549707602,-853,499,-2.56659809936096,11.0155111111111,15.88665625,5.3125,0.703125,3.79342878723459,1.46559057249794,-451.625
4,BW,RBw12,SPF3_1,SPF4,2,2,46,33,13,8,97.15,44.199,52.951,0.0606060606060606,1.07692307692308,1489,1172,2.68636363636364,8.12692307692308,-4.47272727272727,-1.07692307692308,489,16,-1.54112727272727,2.67276923076923,4.22391304347826,0.347826086956522,0.717391304347826,-3.51304347826087,-0.350243478260869,355.326086956522
5,CL,RCl13,NSPF3_1,NSPF2,5,5,69,40,29,189,384.462,296.288,88.174,2.6,9.44827586206897,473,372,12.87555,8.75524137931034,1.70129819040126,5.83470169677066,-527,-628,3.72955000786782,0.618763875205255,11.1438260869565,5.47826086956522,0.579710144927536,3.43852575104927,2.42211815500964,-569.449275362319
6,CV,RCv9,NSPF5_1,NSPF2,4,3,58,30,28,30,469.811,270.408,199.403,1.2,0.857142857142857,785,1109,20.9807333333333,11.0785714285714,0.444444444444444,-2.75643130815545,-354,109,4.77649914529914,2.94209392446634,16.2003793103448,1.03448275862069,0.517241379310345,-1.10080591887964,3.890924211104,-130.48275862069
7,DJ,RDj15,SPF5_1,SPF5,2,3,50,39,11,30,196.7,127.449,69.251,0.205128205128205,4.72727272727273,1509,672,4.88117948717949,18.4576363636364,-0.908759771917667,0.681818181818182,509,-328,1.52222101980523,4.82407575757576,7.868,1.2,0.78,-0.55883262209578,2.24862906211475,324.86
8,ED,REd8,NSPF2_1,NSPF2,3,1,78,49,29,17,480.787,176.492,304.295,0.612244897959184,0.137931034482759,1074,1354,13.1029795918367,11.0182068965517,-1.12055761698619,-3.47564313081554,74,354,0.369537048031335,2.88172939244664,12.3278717948718,0.435897435897436,0.628205128205128,-1.99616633366633,1.30355727864728,178.102564102564
9,ET,REt12,SPF5_1,SPF3,4,4,57,37,20,81,112.593,39.445,73.148,1.62162162162162,5.1,486,590,1.41962162162162,8.633,0.50773364457575,3.72666666666667,-514,-410,-1.93933684575264,-2.68017333333333,3.95063157894737,2.84210526315789,0.649122807017544,1.63718382776555,-2.19927947297393,-477.508771929825
10,FN,RFn14,NSPF5_1,NSPF1,2,1,56,30,26,1,483.938,131.965,351.973,0.0666666666666667,0,1541,1474,14.0782,20.9819230769231,-0.688888888888889,-1.91521739130435,402,474,-2.12603418803419,9.17779122073578,17.2835,0.0357142857142857,0.535714285714286,-1.25825569358178,3.12217046603759,435.428571428571
11,FW,RFw12,SPF5_1,SPF4,1,1,51,38,13,0,99.902,62.96,36.942,0,0,1892,1615,4.18342105263158,3.14107692307692,-1.11388797704587,-2.15384615384615,892,459,0.824462585257322,-2.31307692307692,3.91772549019608,0,0.745098039215686,-1.37897535544594,0.0246976125446715,781.627450980392
12,FY,RFy11,SPF4_1,SPF2,3,2,50,31,19,38,184.76,83.311,101.449,2.38709677419355,0.105263157894737,818,1111,8.77470967741936,5.13178947368421,-0.309907834101382,-0.315789473684211,-127.75,111,-1.08646140552995,-1.37150877192982,7.3904,1.52,0.62,-0.312142857142857,-1.1947794047619,-37.025
13,GA,RGa13,SPF3_1,SPF3,3,2,53,33,20,47,181.048,71.235,109.813,2.72727272727273,0.2,934,1155,5.89636363636364,8.3758,-1.80606060606061,-1.17333333333333,-66,155,1.66887272727273,-2.93737333333333,6.832,1.77358490566038,0.622641509433962,-1.56729559748428,-0.0693333333333332,17.3962264150943
14,GL,RGl11,SPF2_1,SPF3,3,3,63,43,20,18,304.756,152.759,151.997,0.790697674418605,0.1,817,1171,7.73237209302326,13.851,-1.81092012133468,-1.27333333333333,-183,171,2.83084366358208,2.53782666666667,9.67479365079365,0.571428571428571,0.682539682539683,-1.6402576489533,2.73782239472004,-70.6190476190476
15,GQ,RGq10,NSPF3_1,NSPF5,2,4,58,40,18,25,229.816,78.941,150.875,0.15,2.44444444444444,1125,836,6.8329,10.3508888888889,-0.748701809598741,0.934640522875817,125,-95.5,-2.31309999213218,-0.740029411764706,7.92468965517241,0.862068965517241,0.689655172413793,-0.226285223658361,-1.8249056740871,56.5689655172414
16,GU,RGu10,NSPF4_1,NSPF1,1,2,65,39,26,0,660.532,487.994,172.538,0,0,1664,1472,19.8941025641026,20.969,-1.07948717948718,-1.91521739130435,664,472,5.46116666666667,9.16486814381271,20.3240615384615,0,0.6,-1.41377926421405,6.94264725752508,587.2
17,HT,RHt8,SPF1_1,SPF4,1,3,61,48,13,35,356.795,76.07,280.725,0,5.38461538461539,1708,681,13.4867083333333,5.09446153846154,-1.83581560283688,3.23076923076923,708,-475,5.90027092198581,-0.359692307692308,11.6981967213115,1.14754098360656,0.786885245901639,-0.75605162190443,4.56618039762818,455.885245901639
18,IV,RIv8,NSPF4_1,NSPF5,5,2,54,36,18,46,238.533,89.015,149.518,2.16666666666667,0.777777777777778,457,946,5.1995,16.1046666666667,1.08717948717949,-0.73202614379085,-543,14.5,-9.2334358974359,5.01374836601307,8.83455555555556,1.7037037037037,0.666666666666667,0.480777610189375,-4.48437447628624,-357.166666666667
19,JE,RJe11,SPF2_1,SPF2,4,1,65,46,19,27,251.203,141.159,110.044,1.17391304347826,0,758,1300,7.6015652173913,8.03863157894737,-1.42770475227503,-0.421052631578947,-242,300,2.70003678795013,1.53533333333333,7.72932307692308,0.830769230769231,0.707692307692308,-1.13345259391771,2.3595850089083,-83.5692307692308
20,JV,JVA,SPF2_1,SPF5,2,2,58,46,12,1,206.716,122.427,84.289,0.0434782608695652,0,1398,1594,4.46891304347826,17.3218333333333,-2.55813953488372,-4.04545454545455,398,594,-0.432615385962918,3.68827272727273,7.12813793103448,0.0344827586206897,0.793103448275862,-2.86585988189837,0.419982154706526,438.551724137931
21,KK,RKk13,SPF2_1,SPF1,5,2,45,28,17,157,123.116,86.76,36.356,11,0.352941176470588,134,1256,0.509642857142857,13.6448235294118,8.39838220424671,-1.5905572755418,-866,216,-4.39188557229832,5.21046768882992,5.47182222222222,6.97777777777778,0.622222222222222,4.6247828452155,-0.764329895872098,-457.244444444444
22,LM,RLm8,NSPF3_1,NSPF1,1,3,64,41,23,26,304.922,84.225,220.697,0,2.26086956521739,1718,829,13.5047317073171,2.44130434782609,-0.898701809598741,0.345652173913043,718,-171,4.35873171518489,-9.3628275083612,9.5288125,0.8125,0.640625,-0.451512096774194,-0.572453630776985,398.515625
23,LO,RLo9,NSPF3_1,NSPF4,3,3,60,41,19,15,324.747,163.039,161.708,0.195121951219512,1.15789473684211,1020,949,9.63946341463415,13.3829473684211,-0.703579858379229,0.145029239766082,20,-51,0.493463422501968,-5.03512046783626,10.8249,0.5,0.683333333333333,-0.434853643966547,-1.25725480943847,-2.48333333333333
24,MG,RMg12,SPF4_1,SPF3,1,1,51,31,20,0,370.723,275.172,95.551,0,0,1619,1635,14.795935483871,14.1386,-2.69700460829493,-1.37333333333333,673.25,635,4.93476440092166,2.82542666666667,14.5381568627451,0,0.607843137254902,-2.17791783380019,4.10757313258637,658.25
25,MI,RMi12,SPF3_1,SPF1,5,4,29,11,18,61,86.867,44.733,42.134,6.18181818181818,3,206,937,2.76181818181818,7.96411111111111,1.64848484848485,1.05650154798762,-794,-103,-1.46567272727273,-0.470244729470735,5.9908275862069,4.20689655172414,0.379310344827586,1.28104693783139,-0.847820866568043,-365.103448275862
26,NN,RNn10,SPF4_1,SPF1,4,1,42,28,14,114,148.652,25.783,122.869,8.14285714285714,0,202,1608,6.13507142857143,8.96585714285714,5.44585253456221,-1.94349845201238,-743.75,568,-3.72609965437788,0.531501302275295,7.07866666666667,5.42857142857143,0.666666666666667,2.98273553903735,-2.30689933549349,-306.5
27,PH,RPh7,NSPF2_1,NSPF3,4,4,61,44,17,23,280.308,126.105,154.203,0.454545454545455,1.52941176470588,756,751,8.76040909090909,10.3034117647059,-1.27825706039992,-0.516470588235294,-244,-249,-3.97303345289631,-3.3134105882353,9.1904262295082,0.754098360655738,0.721311475409836,-1.06595591241961,-3.78920412995799,-245.393442622951
28,PT,RPt8,NSPF4_1,NSPF2,4,4,66,39,27,133,373.159,231.367,141.792,1.58974358974359,7.55555555555556,748,534,15.3055897435897,5.53333333333333,0.51025641025641,3.94198139025725,-252,-466,0.872653846153847,-2.60314417077176,11.3078484848485,4.03030303030303,0.590909090909091,1.91414390207494,-0.549263524406627,-339.545454545455
29,RN,RRn9,NSPF2_1,NSPF1,1,4,68,48,20,55,350.995,112.347,238.648,0.0416666666666667,5.4,1457,225,13.448,2.8243,-1.69113584827871,3.48478260869565,457,-775,0.7145574561946,-8.97983185618729,10.3233823529412,1.61764705882353,0.705882352941177,-0.168806890345071,-2.13673351803537,94.6470588235295
30,RZ,RRz6,NSPF1_1,NSPF2,2,2,60,31,29,7,253.997,155.981,98.016,0.387096774193548,0.0689655172413793,1031,1631,12.3670967741935,4.29703448275862,-1.30144605116796,-3.54460864805692,31,631,0.320799495736003,-3.83944302134647,8.46656666666667,0.233333333333333,0.516666666666667,-2.38564130633096,-1.68998438752052,321
31,SS,RSs10,SPF1_1,SPF5,2,4,60,48,12,22,272.135,150.981,121.154,0.166666666666667,3,1434,1029,8.143125,12.7833333333333,-1.66914893617021,-1.04545454545455,434,29,0.556687588652482,-0.850227272727272,9.07116666666667,0.733333333333333,0.8,-1.54441005802708,0.275304616376531,353
32,TA,RTa11,SPF4_1,SPF5,2,1,43,31,12,4,243.073,22.806,220.267,0.258064516129032,0,1144,1407,9.73896774193548,15.3531666666667,-2.4389400921659,-4.04545454545455,198.25,407,-0.122203341013824,1.71960606060606,11.3057209302326,0.186046511627907,0.720930232558139,-2.88726970703715,0.39178998036847,256.505813953488
33,TM,RTm13,NSPF4_1,NSPF4,2,4,58,39,19,20,447.778,121.518,326.26,0.205128205128205,1.68421052631579,1329,761,15.2862564102564,15.7574736842105,-0.874358974358974,0.671345029239766,329,-239,0.853320512820513,-2.66059415204679,15.4406206896552,0.689655172413793,0.672413793103448,-0.368007662835249,-0.297789463601533,142.931034482759
34,TR,RTr13,NSPF4_1,NSPF3,3,5,59,39,20,105,394.744,263.012,131.732,1.43589743589744,7.7,802,233,16.4792307692308,7.3399,0.356410256410256,5.65411764705882,-198,-767,2.04629487179487,-6.27692235294118,13.3811525423729,3.5593220338983,0.661016949152542,2.15224327018943,-0.775134695912262,-390.881355932203
35,VT,RVt12,SPF3_1,SPF5,1,5,45,33,12,75,122.474,55.523,66.951,0,12.5,1955,298,5.87654545454545,4.25183333333333,-4.53333333333333,8.45454545454545,955,-702,1.64905454545455,-9.38172727272727,5.44328888888889,3.33333333333333,0.733333333333333,-1.06989898989899,-1.29248727272727,513.133333333333
36,WM,RWm14,NSPF5_1,NSPF3,3,1,46,26,20,13,336.469,186.238,150.231,1,0,1091,1491,13.5537692307692,16.027,0.244444444444444,-2.04588235294118,-48,491,-2.65046495726496,2.41017764705882,14.6290869565217,0.565217391304348,0.565217391304348,-0.751349815288434,-0.450185564080704,186.347826086957
37,YR,RYr14,SPF3_1,SPF2,4,3,52,33,19,237,124.845,88.775,36.07,13.6969696969697,1.15789473684211,416,589,3.91636363636364,6.33947368421053,9.16363636363636,0.736842105263158,-584,-411,-0.311127272727272,-0.163824561403509,4.80173076923077,9.11538461538461,0.634615384615385,6.08461538461538,-0.257305128205128,-520.788461538462
38,YZ,RYz6,SPF1_1,SPF3,3,5,63,48,15,47,203.129,112.138,90.991,1.5,1.46666666666667,1041,449,4.848875,11.5674666666667,-0.33581560283688,0.0933333333333333,41,-551,-2.73756241134752,0.254293333333333,6.44853968253968,1.49206349206349,0.761904761904762,-0.233637284701115,-2.02521580547112,-99.952380952381
